10,256
10,278
10,32
10,290
10,90
10,280
11,21
11,10
11,15
8,12
8,15
8,9
8,16
8,6
35,3
35,1
34,5
34,3
34,1
27,3
27,1
26,4
26,1
25,4
25,3
25,1
24,3
24,1
20,3
20,2
20,1
19,2
19,1
17,3
19,3
17,2
17,1
16,3
16,2
16,1
15,3
15,2
15,1
14,2
13,2
12,3
12,2
12,1
11,30
11,29
11,27
11,25
11,24
11,23
11,20
11,19
11,18
11,17
11,16
11,13
11,12
11,11
11,9
11,7
11,6
11,5
11,4
11,3
11,2
11,1
10,313
10,279
10,269
18,1
10,235
18,3
10,117
10,109
14,1
10,33
14,3
13,1
10,23
10,3
13,3
10,2
10,1
9,7
9,6
9,5
9,4
9,3
9,2
9,1
8,18
8,14
8,13
8,11
8,10
8,8
8,7
8,5
8,4
8,3
8,2
8,1
7,16
7,15
7,14
7,12
7,11
7,10
7,8
7,7
7,6
