158,3
158,2
158,1
158,0
157,5
157,4
157,3
157,2
157,1
157,0
156,3
156,2
156,1
156,0
155,4
155,3
155,2
155,1
155,0
154,4
154,3
154,2
154,1
154,0
153,3
153,2
153,1
153,0
152,3
152,2
152,1
152,0
151,5
151,4
151,3
151,2
151,1
151,0
0,533
150,3
150,2
0,532
150,1
150,0
149,4
149,3
149,2
149,1
149,0
148,4
148,3
148,2
148,1
148,0
147,3
147,2
147,1
147,0
146,3
146,2
146,1
146,0
145,5
145,4
145,3
145,2
145,1
145,0
144,3
144,2
144,1
144,0
143,4
143,3
143,2
143,1
143,0
142,4
142,3
142,2
142,1
142,0
141,3
141,2
141,1
141,0
140,3
140,2
140,1
140,0
139,5
139,4
139,3
139,2
139,1
139,0
138,3
138,2
138,1
138,0
137,4
137,3
137,2
137,1
137,0
136,4
136,3
136,2
136,1
136,0
135,3
135,2
135,1
135,0
25,0
34,4
34,2
34,0
26,2
26,0
26,3
24,2
24,0
27,2
27,0
0,278
0,9
35,2
35,0
134,52
134,51
134,50
134,49
134,48
134,47
134,46
134,45
134,44
134,43
134,42
134,41
134,40
134,39
134,38
134,37
134,36
134,35
3,2
3,1
3,3
10,129
10,299
10,15
10,187
10,21
10,2
10,3
11,26
11,7
11,6
8,6
